MB	12345678	1234C	ZH		A	0	1	0	1	2		61	7000	CHE	2012073017	31	1	3	1	2	0	0	M500	2	2012080817	1	11	1	F200																					5050286	34986734
MB	12345678	1234C	ZH		A	0	1	0	1	1		67	1024	CHE	2012010307	11	1	1	1	2	0	0	M500	2	2012022614	1	11	1	F312																					5050297	34986737
MB	12345678	1234C	ZH		B	0	1	0	1	1		46	7050	NON	2012122315	11	1	2	1	2	0	0	M500	8	2013010914	1	11	1	F102																					5050292	349867389
MP	2	11	0	1	0	0	0	0	0	0	0	2	11	1	1	9	12	1	1	0	0	1	0	0	0	0	0	1	0	11	23	1	1	5050286
MP	1	12	0	0	1	0	0	0	1	0	0	9	31	2	2	6	0	0	0	1	0	1	0	0	0	0	0	1	0	11	12	2	1	5050297
MP	3	11	0	0	1	0	0	0	0	0	0	3	11	1	1	9	1	0	0	0	0	1	0	0	1	1	0	0	0	11	12	1	4	5050292
PH	12345678	5050286	1	0		20120730	2	4	4	1	2	1	4	1	a		1	3	4	4
PH	12345678	5050286	2	0		20120806	2	2	2	1	2	1	2	3	a		2	4	2	1
PH	12345678	5050297	1	0		20120103	2	4	3	3	4	4	3	0	0		4	2	2	1
PH	12345678	5050297	2	1		20120226														
PH	12345678	5050292	1	0		20121223	4	3	2	2	4	2	2	3	b		4	2	2	3
PH	12345678	5050292	3	0		20121231	3	3	4	3	3	4	4	2	b		4	1	1	3
PB	12345678	5050286	1	0		20120730	2	1	0	1	2	1	0	0	1	0	1	2	1	2	1	2	3	2	1	0	1	2	0	1	2	1	0	1	0	1	2	1	0	2	3	2	1	2	1	0	1	2	1	0	1	2	1	0	1	2	1	0	2
PB	12345678	5050286	2	0		20120806	1	0	0	0	1	0	0	0	0	0	0	1	0	1	0	1	2	1	0	0	0	1	0	0	1	0	0	0	0	0	1	0	0	1	2	1	0	1	0	0	0	1	0	0	0	1	0	0	0	1	0	0	1
PB	12345678	5050297	1	0		20120103	3	2	1	1	3	3	4	4	2	2	1	1	0	2	2	1	1	3	3	2	2	1	1	4	4	4	4	1	2	3	2	2	4	1	1	1	0	0	0	1	1	1	0	0	0	0	1	2	1	0	4	1	0
PB	12345678	5050297	2	6		20120226																																																					
PB	12345678	5050292	1	8	forensic psychiatry, exempt from BSCL since 01.07.2019	20121223																																																					
PB	12345678	5050292	2	8	forensic psychiatry, exempt from BSCL since 01.07.2019	20121231																																																					
FM	12345678	5050286	1	20120730	1330	20120730	1700
FM	12345678	5050286	2	20120806	1100	20120807	0900
FM	12345678	5050292	7	20120606	0900	20120618	1000
FM	12345678	5050292	5	20120806	1100	20120807	0900